2172346
3082196
4008708
3184399
3492294
4560833
4186808
4440640
4816316
4251486
4467408
3101807
1310526
2238759
3688685
3853869
4159784
2766270
4657330
3727923
4147360
4764856
3926834
3843111
4757796
4488719
4600982
3861503
4415602
3774611
4001315
4729957
3670853
4159791
4741546
3343020
3688626
3459986
4558155
4661086
4723263
3898689
4770269
3928559
3684578
4669703
3241690
4047890
4449815
4991853
4850358
4914296
4590596
4203941
3762791
4951302
4951198
4951198
4364838
3446386
4525167
4482781
4974783
4154686
3276580
4826236
4142619
4344198
4552866
4259421
4268886
4353233
4080263
4076706
3196493
4511861
3667825
4186442
3817409
4780821
4132412
4991769
4329012
4749552
3759895
3162406
3661508
2828961
4490096
4072523
3266931
4259308
4307226
4203552
3685218
3829018
2854093
3726710
4382927
3517545
4745265
4598950
3703824
3064671
4779053
4849155
3634024
2864743
4718691
4102935
3983396
4945766
4959414
4913974
4908437
4737181
4571337
3728336
4268694
4862641
4894969
2936339
3210105
4315243
3980041
4728680
4376850
4546315
3639583
3618116
3274522
4150825
4614378
4517814
2858158
3824535
4210174
3287415
3335829
4123075
3943907
4623961
4289333
4743083
3213115
4225825
4582193
4747472
3696638
3869823
3900710
3059971
4822073
3847313
4729931
4842299
3261210
4868678
4671098
3366968
3025492
4895048
3439401
4981248
4942985
4908134
2632903
4481296
4190072
3573027
3161989
3885392
3120713
4625550
4825594
3070874
3425550
5009750
4914410
4441296
4841441
4846872
4991753
2932554
4673271
3823098
4595004
4429043
4010529
3912228
3564537
4357530
3999101
3058788
3020928
4660203
3168919
3169490
3050809
3368887
4506591
4454755
3953438
4358974
3677633
4741730
3141233
3175000
3871428
4009393
2865536
1919482
3602037
2377423
4198113
4924104
4958313
4489807
4757098
3898101
4530601
4635517
4741973
3282066
3948061
3244400
4671348
3317656
3491060
4081061
3378572
4540568
3979393
4148127
4672001
4182782
4124147
4831063
4496188
2910502
2978680
3378533
4378987
2843628
3532922
4287930
4238046
3848637
2865460
2583050
3133752
4801438
4858973
4932884
4932884
4894980
4977552
3792957
3703607
3881370
3531509
4717579
4327415
3834312
4472009
4448539
4595214
3596708
3728093
4893163
3353978
4860787
4996630
4824655
4344199
4765795
4284788
3386972
3507217
4695191
4391862
4408875
4098832
4098832
4430306
4530865
4309049
3858550
3019552
3665688
4270761
3852559
3937121
3922744
3614961
4597456
4865646
4826942
4880970
3909892
4651797
4191416
4740116
4667845
3411846
4994064
3581489
3616259
3432040
3667720
4161520
2742179
2965226
4807820
4589759
4632089
4070589
4669788
4545512
4899846
4194285
4669767
3704647
3393700
2975197
4123072
4211679
3925144
2917024
3072416
4263144
4351556
2874211
3857786
3820715
4391979
4423948
3992495
4380398
4465928
4557334
4132181
3608605
4219762
4243245
3647037
4858182
4892665
2742515
4041848
4073211
3488009
1762387
4166412
3715495
4849470
5007297
4937866
4899022

4343280
3868160
3842979
3861040
3176904
4825400
4802479
4624522
4971297
4695164
4512564
3614875
3364123
2565499
3268394
2868802
4439124
4408008
2908126
3871020
4425572
3012735
4436831
4320119
4096524
2805924
4627234
3563989
4445909
4270961
3782555
3695935
4520518
4776112
4113377
4087046
4021073
4673853
4826221
4848536
4846325
4252138
4923236
4918335
4918335
4961840
4994017
4803303
4156269
3721390
2190585
4756411
4826614
3164180
4267648
4180225
4229118
4430659
3506947
3506947
4464450
4807272
4421988
3368064
3772887
3926844
4620602
4770555
4806989
4687439
1216340
4614811
3907278
4198628
3590258
4849148
4518312
4018993
3628745
3759473
3639397
515295
4837268
4848977
3204482
3815462
4876403
4260204
3216985
2711571
4615262
4694913
4877665
4917668
3637117
4370726
3671793
4005655
4380452
3776730
3150357
3832613
5008310
4484440
4207936
4560915
3001083
4608152
4976202
3873998
4393352
4639752
3032667
4960285
4703841
2542412
3779157
3944245
3605093
4897702
3437410
3259507
3844453
2724792
3692409
2868571
2360090
4380123
4123075
4412077
3866099
4729822
4231073
4409554
3902919
3919928
2233633
3784481
3362617
3983036
3702228
4602754
3630089
2824492
3645998
4227046
2830698
4739698
2903399
4678160
4560432
4484424
419342
4974534
3759350
4449610
2821401
3195085
3121334
4532777
4376639
3302739
4738372
1978075
3922388
4301465
4733733
4887929
2995064
2810874
184456
3338762
4460594
4973343
3827232
3538681
3083433
3368064
4448211
4154715
4105133
4374157
4848777
3795784
3598750
3688988
4991690
3623790
4549061
3176279
3858291
2796167
4433865
2745432
5003816
4230727
4790673
4484479
4647676
4086814
3617005
3185409
4945584
4694649
4364902
3443215
4066791
4636055
4990992
3140523
4206827
4289273
3515546
4504809
4811497
4882514
4269076
4609362
4190420
3407083
3671145
3919156
3609828
4392041
4692409
4489745
4353619
3694476
3069076
4169336
4854653
4528057
3615740
3820262
4676731
4667657
4001307
3395665
3916336
4595647
3563986
3090195
3500091
4393202
4493045
3542605
4488808
3213076
4291483
3824654
4425964
3386252
3158008
4800065
2998014
3510034
4549043
4510361
2175250
4591334
5008009
4203876
2656543
3572158
3117740
4980111
4711004
4858134
3618446
2865566
4430127
4312504
4058076
2766630
2646881
4314408
3457983
3009708
3195719
4141304
2270815
2584773
3093847
4740876
2843454
3135520
2957857
4908383
4028303
4122369
4919572
4670726
3916338
3374053
3191320
3818984
4077215
3503619
1447668
4673265
4868746
2837401
2947654
3906589
2928301
3250482
3603161
3813012
4422106
4487015
3827470
3673035
4811448
4434818
4919521
4192548
4560775
2532718
4218956
3432760
4396394
4756710
4040669
4513647
4871528
4883089
4837478
3154963
4849155
4838073
2734999
4454171
3285581
2323300
4766534
3996365
4599272
4549035
2910742
3075650
3523607
3554609
3957083
4549141
2780353
5011512
4007235
4633274
2958845
4000640
4581817
4873146
4885661
3707696
4564361
3125270
3225372
4768226
3667717
4972254
3987077
3524221
3212510
4501432
4999796
3633853
3953594
4362825
4350935
4181223
4998082
3364935
4505342
3534531
4853038
4639610
3206074
3695938
2795852
4862184
4213468
4709865
4215538
2992316
4741304
4960301
4367486
4816183
3318749
3240661
3342291
4439739
4741864
3734818
4972523
3064803
4931016
3897403
4014674
4448042
4055397
4133762
4547722
3888403
3131270
4521473
3637562
3791481
4598998
3605651
4325837
4578863
3646742
4487342
4921873
3734832
3967682
4244195
2734430
4739608
4466258
4834476
459230
3581826
3257235
5008384
4049387
4508895
2386784
4811400
4681890
3820963
3424155
4487934
4519952
4636187
4524724
4171506
4121280
4821997
3170255
3327464
3572029
3398137
3189240
4804480
4820538
4589789
4632002
4381060
3652853
4774434
4404101
3896502
4918614
2323286
4823697
3794577
3999153
4059381
4066819
2817454
4594765
4452027
4881172
4277655
3122119
3386213
3261922
3544824
4959859
2173354
4992265
4384423
2699509
3944266
4917281
4099533
4009307
3823293
3140691
3994437
3977994
4585969
4859069
3559584
2766270
3018503
4990996
3669353
4830023
4735629
4500169
3953816
4198130
4678017
3313794
3128063
4074009
4395108
3704516
4227605
3994072
4826714
4791869
4709225
3334893
4691155
4752221
4750541
4972855
4958971
4999521
4846373
4421748
4631550
3473030
4695384
4414935
4697364
3886195
4401619
3302890
4891836
4999498
4187569
4364755
4177398
3252264
4660684
3346683
4280987
4102811
4222680
2756516
4626195
3372492
4548792
4449194
4697364
4806492
3000403
4961303
2243019
4000360
4493074
3791168
2688509
2579577
4804180
3287199
4823098
3241352
4964395
4634317
4652762
3589417
3885717
4206449
3515627
3940611
4020497
4405579
4613212
3787888
3660322
3757056
4066331
4585977
4540412
3852179
4452158
4583054
3989328
4721512
4851801
4728309
3245912
4621926
3822971
3176762
4741617
3681697
4829140
4890663
3139908
4503968
4434567
4758952
4732463
4481531
3976125
3483103
2644647
222989
4261066
4316603
3742836
4484456
4539922
4356436
3650048
3650048
3575850
3866163
4646505
3480415
3823098
4807253
4393151
4700493
4861797
4650550
4438964
2656613
4937314
2204012
4491389
3391276
4637319
4001318
4417144
2659361
4031044
4157315
2887354
4663675
4823110
4735655
4670924
4473728
4756715
3486892
3864973
4492094
4279221
4491386
4547722
3356716
4655273
4619850
3349118
4151142
4826197
4058012
4811467
4811467
4896021
3572046
4869372
4771119
3865184
4946716
2928022
4286724
3731280
2747266
4758105
4924746
3136543
4488956
4123598
3923881
4125149
2820552
4752512
3433479
4380339
4558517
3799725
4207891
4741855
3712465
3583596
4540187
4772351
4255002
2756316
4754342
4814566
2360737
3468529
3359213
4878539
3988186
4649839
4324316
4884947
1463026
4981891
4998226
4073284
4130718
3903613
3102746
4511365
4513856
4829139
4124017
3433428
2687431
3747329
4793298
3590610
3264645
4411757
3314232
4438226
2714839
3511347
3634827
3826994
4325832
4725007
3817219
3656466
4177996
4370722
3930416
4301475
4392595
3611939
4482081
3492180
3822797
4567801
4404101
2875228
4880877
2785129
4935974
2928013
3577465
3000368
4599031
3128538
4582115
4210448
3357292
3885611
4268884
4546697
2914389
4278678
3187850
4576175
4221739
4703903
4786577
4181361
3388237
3898565
2642998
3954888
4278844
4385935
4533782
3016602
4445909
4041058
4673651
3962360
3266252
4004276
3090197
4812653
3435303
3282711
4737183
3236226
4440282
3942746
4914282
4951246
4947870
4357196
4728337
4546460
4234411
3966837
4177048
3782250
3835849
4558569
3934881
2805847
4824582
3866601
2425501
3284000
4091533
4857399
4734036
4601745
4906230
3855764
4515074
3624196
3359483
4170613
4693505
3219210
3292817
4854515
3296656
4920144
4667880
3322525
3159681
4894956
4295565
4694913
3727213
3625870
4158790
3144016
4652354
3120696
4526035
4624936
4579939
4827375
3959209
3795685
3548783
4057458
4686118
2869316
4855533
3579941
4240673
4182889
4666149
4838221
2809101
4153320
4207760
5011358
3432091
4493050
3960624
4150836
4816181
3887112
3003740
3596595
3139633
4574027
3594444
3794036
3553956
4878404
4059639
3767596
4421868
3325925
3180376
2806454
2952861
4680872
3847629
3756671
2064591
4753520
4936369
4768950
4102782
4632944
3063756
4196172
3885722
3045352
4906658
4482781
3121741
3655893
4569358
4017230
3973948
2705186
2195871
3907524
4774669
4431727
2782133
4591280
4851291
4858180
2775033
4957129
4931829
4782063
2671044
3598750
4685197
3127830
4732302
4437464
4381951
3533954
3499247
3764186
3822283
3607232
3772932
4507574
4279227
3273810
4071063
4866958
3273810
2677874
4579962
2974905
4967870
3706809
4082722
3669380
2861922
4764817
4099123
4099123
4709447
3645988
4006843
4114638
3871433
3673949
3786995
4914267
4627815
3796544
3572431
4786408
3397961
3396623
3242774
4286527
3217917
4646573
4011785
4451617
4882514
4922844
3702553
4766434
3562186
4235163
3796304
4992831
4749925
4176085
4865174
2193391
4628360
4383021
4329602
4935877
4537234
4697748
3680950
4480799
4510395
3592411
3024415
3402428
4001307
4412108
3948692
3755970
4162146
3482286
3854864
3868651
4741885
4361620
4834052
3979992
3183230
4284638
4302442
4742831
4338609
3491368
4849706
4208846
4508884
4277831
4393225
3006385
2750104
3542123
4492823
3926010
4491853
4358944
4581791
4893287
4892437
3759928
3548890
3985325
5008284
4375086
4745000
4860842
4732879
4928080
4074063
4991434
3975437
3930740
3953582
4858252
3951198
2064231
4981000
3168919
2993949
3360040
3621663
4278260
3072510
4379007
3865155
4899630
4513857
3934991
4466389
2752166
4790655
5006001
3994105

4716731
3173482
3661443
4667559
2841158
4017649
4303136
4144800
4317221
4686053
4353103
4891079
4844616
3675474
4632959
3492408
3264589
4550425
4324984
4040925
3556596
4049671
3351477
3743153
4028006
3238492
4159602
4962030
3610756
4832077
4077848
3257357
4248446
4092133
3434652
3510183
3516707
3342305
4431651
4346837
4459971
4961739
4123088
4667523
3698021
3636221
3118969
4324824
4316950
3754017
3345287
4232468
3003247
3527276
3324553
4576721
4354229
4613663
3204305
4213024
3391194
3171462
3060028
4152239
4177982
4812246
4425677
2764346
4334968
3606220
4482198
3107376
3828244
3850021
3804607
4193981
3350551
4670684
3048859
3994050
4170631
4627772
3789180
4171571
3233558
4586750
3559100
4506989
3930899
4012828
4551929
4868923
3461361
4246582
3498264
4200121
3477168
3516567
4245710
3044559
100781
3258544
3586801
4361583
3956458
2856858
4907987
2847521
2800842
3738564
4186353
4015687
3795630
4523667
3622923
3310405
2965225
3534379
3097206
1797156
4741443
4207613
4835519
4368110
4925808
4278832
4192073
4465025
3685596
3547795
3195080
4176170
4586937
4440612
4438963
4686093
3424392
3655262
3655051
3785567
4447275
3317485
4367081
4326570
4501432
4559643
4494960
4496343
4787787
3369892
4380143
4687706
4434993
3077400
3573122
4301804
4228265
4139260
3945788
4807537
4798879
2808743
4756820
4878553
4233938
3062590
3840114
4858283
3570327
4123111
4393283
4797133
3447887
3605329
4077762
4462352
4117755
4501655
4255636
2845662
3851374
4384728
3897189
2758600
3296965
4355629
3923792
3181345
3210328
3386226
4577096
4161320
4365772
4219783
3680475
4650274
4111703
3751695
4619509
4266922
3000443
3617429
3271076
2669846
4409450
4438935
3742233
3262088
4822006
2394488
3967974
4735742
4434892
4315024
3448696
4277293
3511424
3970747
3276558
1073686
4395187
4462032
3741231
3531493
4691646
4072579
4625151
2174275
3262054
3795028
3795028
2504304
3919586
4018780
4468795
4033189
4059381
4941730
4168139
3504746
3634647
4398352
3405998
3248423
3960619
3338567
4547738
4351203
3734090
2815754
4798969
4798969
3698773
4406435
4575451
3510027
3180449
4170597
4196923
4047883
4517352
3673035
4249599
3264619
4379029
4741756
2173509
3520950
3511388
3192034
4546463
4575949
4826232
4349862
4882699
3503535
3499511
4826190
4954757
4914296
184456
3763460
4811775
3961361
4718159
2994709
4502672
3851693
4400595
4585488
3898740
3931468
4406584
3880257
3569645
4374627
3104363
4124035
2740829
4787802
3805583
4575922
4696832
4490568
4595013
4549050
4113059
3967990
4263599
4338748
3950333
3428278
4226687
4549123
4350347
4835592
2881537
4221362
3843736
4612089
4383008
4336716
4582193
3805177
2174089
4868692
4545789
4063703
4354046
4493045
3632562
4237283
4479417
4649523
3709714
4576199
3787888
3720938
4494597
4415457
2843749
3189238
4050669
3554659
4838148
4077766
3961217
4324732
4889948
4099510
4792553
4945959
4936982
4938178
3051817
4619507
3839891
3813455
4232758
4700424
3185060
4805080
4667650
4761711
4321179
3454427
3579779
3187839
4608092
4094593
4039166
2361430
4021028
3926955
3427356
3380860
4805093
3197621
4058046
4990710
5016092
4559819
4513868
4475763
4379049
3896418
5009347
4496213
4595363
4176165
2702275
2582243
4347017
3653930
2064798
4496188
4385851
3070685
4018662
4594690
4809547
4811531
4365034
2978373
4630297
3333871
4131725
3038978
3281900
4567025
3506573
3422256
2831321
4918322
4921027
4979492
4936094
4640496
3492220
3470577
3392246
4800002
4131462
4574560
4500593
4048112
4446437
4696152
3874416
2797294
4118244
3348464
3823972
3037340
4452715
4724812
4725730
4263748
4663486
3232240
4195867
4233052
4735063
4317698
555553
3469526
3636235
4230746
1887733
4503353
4742793
3913780
3091496
3252334
3836737
4687708
4931343
4961794
1475704
4639798
4085381
4498096
4716299
4599241
4356498
3519378
3656853
3992495
3484866
2776001
1702560
4413525
2736387
4734155
4540439
4558166
2171557
4468160
4309530
3044124
4167328
4148084
2654102
3913643
4438429
4742389
3148559
4458899
4893607
4178031
4662462
4356135
3675158
3661464
3511559
4091172
3941061
2171537
4598085
4237266
3012735
4404054
3938039
3392104
4823984
4480739
3851744
3743798
3681794
4070095
4065156
3874239
4673853
3639884
4852436
4729030
3442401
4669173
2886067
5008403
4766640
3127817
3009701
4931292
4926503
4624124
3229488
4551321
4967946
4454203
3382843
4763409
4393148
4480740
4463822
4835651
4239057
4159120
3982596
3750317
3070934
4011338
3628601
3869375
4357724
3887133
4793078
4223762
3382126
3321526
2913983
3833998
4270761
4501788
3747076
4467814
3949089
4264532
4787776
3501361
4377305
2263137
4649039
4275041
4516205
5010585
4425456
3532428
2905325
4466464
3164462
5006368
5000723
4113144
4666149
4867638
4022198
3729684
3149094
4698710
4208659
4427280
4669794
4701224
3388055
4694970
4320080
3378533
4102808
4270898
4766666
4414272
4513880
3173339
4235005
2071963
3965560
4214603
3787020
3316135
4355975
4263189
3744467
3614976
4395367
3699283
2722078
4378213
4268317
3310878
4223683
4546487
2799008
4999915
3203188
3192133
4301556
4766681
4588595
3760824
4814506
2948423
4526516
4198629
2709562
3218863
3930545
3201865
4441322
3469528
4755590
4584956
4967946
2094084
4841592
3105059
3623771
3531498
3712487
4931287
4732657
4958989
4197639
4741698
3880928
3914652
4665365
3764186
3960238
4822018
4489713
3407083
3629026
3182888
3327688
4279227
3291536
3984094
3616723
4028201
4881444
3874239
3158073
3383762
3087489
1177932
4320119
4041451
3513600
4393111
4321439
4736020
4338613
4873128
4694649
4868541
3934205
4846514
3983229
4437646
4931909
3441787
4627815
4884586
3457707
4172213
2249701
4633829
4138036
4762163
4494006
4669805
4717265
3396653
4286517
4737141
4924095
4451617
4802171
4055408
4665669
3519492
4181224
3920935
4506956
4405624
3544824
4385846
4518466
3280300
4978965
4691614
3308699
2885999
4705926
4313950
2837472
3573021
4515072
3479169
3202637
3637305
2934671
4742165
4169428
4483168
3843664
5008403
4785794
4369817
2440547
4937820
4249944
4536594
4261979
4700739
3982140
4792960
4751485
3641329
3011007
2064445
2958838
4718815
4927273
4199139
4185346
3495857
2585101
4893279
2607019
4856960
3091496
4774120
4008428
3659046
4050166
4076416
2984239
3326294
3628839
4118242
4839729
2856858
3218913
4668011
3895734
3734356
3206074
3553006
3815232
3487767
3527931
3804477
3060880
4276330
3832605
4646573
3864959
3963894
4369810
3342283
4941119
4754773
4360920
4592544
3215933
3896397
3365886
1906762
3261155
4754369
4963475
4949652
4774471
3779529
4669659
3502700
3096082
4991058
4190180
3367205
3579931
2568806
4017886
3084817
4157315
3419695
3979108
4525292
4467083
4875589
4990645
3804154
3311850
3936832
2891991
4181361
2928848
3912179
4770267
3098884
3541391
4546463
3142161
3774154
4094376
2615303
4004345
2848580
3923348
3570281
3457966
3397998
4291683
4334522
4281142
4529193
4208086
2958111
4643399
4514787
4784915
4288353
3049779
4172781
4055803
3887256
3688503
4229875
4844683
3641333
4306688
4764570
3360619
4546481
3755341
3105114
3620909
4403443
4691491
3766450
3166200
3527584
3832366
3927476
3574160
3498358
3788072
2671827
3297509
4277293
3602302
4633721
1141268
3580132
4152054
2825243
3377114
3410851
4375889
4716793
4383028
4778064
3818261
4014556
4914333
4559018
4197151
4546614
3929701
4589293
4366263
2585073
3805924
3012093
2377434
3886902
4360706
4881214
4805080
3843687
3534080
4986635
4340921
3661909
4432279
3720245
4825548
4117569
4439054
4558600
3543453
3032314
4073279
3077392
3598699
4000527
4524707
4302834
3528651
4741601
4697852
4066800
4703974
4203335
4641732
4882555
4581748
3842921
4411297
3834268
4553083
3694919
4871470
4680930
3003309
4449205
4531055
4651329
3967930
4447275
3364569
4932495
3691122
4442811
3077402
3112203
3284243
4972548
2913990
3742469
4482699
3192174
3886889
4652202
4616029
3280463
4476590
3525598
4846397
3121616
4498266
3677907
3698794
4705382
4365485
4695073
3724908
4678626
3687460
4501009
4362480
4138401
3365886
3792035
4353717
3374811
3283725
4385850
3397953
4265704
3288025
2734887
4763451
3828400
2883652
4564080
4365525
4811767
3987991
3517579
3923792
3577874
4687860
4265428
4012842
3846618
4866043
4663685
3430618
4696735
4544774
4370750
4664732
3092591
3767823
3348009
4676023
4145810
3940611
4080754
4574928
2064932
3591522
4486168
4600756
4658063
4777543
3262753
3448647
3454319
4133155
3161073
3702746
3882047
3415319
4806981
4795739
3043055
3847485
4549214
2888831
4453449
3549988
3299674
3492382
4278723
2597730
3656156
3875540
4567046
3554784
4731818
4386828
2172460
2374721
4109958
3717055
2995317
4401698
3737134
3936737
3551550
4133727
3338435
3785146
4595180
4812240
4821625
3189195
4980446
4605325
4523612
4001236
4200525
3943677
4207615
4340623
4304614
3784470
2602979
4782222
3777897
4081092
3716890
3234246
4357066
3787937
4826190
4421748
4824414
4552866
3219826
2697330
3032888
4613606
4438913
4374627
4693503
4699913
4751435
4192539
3765320
4558500
3973245
4083739
3905719
4275284
3934132
4383551
4569258
4203876
3651521
4859328
3886195
4826200
4825722
1553456
4409711
4917896
2491723
4720127
4709566
3824535
4066331
4710954
2323613
4340826
3554659
3307059
4712879
4652762
3713000
4782373
3737409
4675091
3758808
2820093
3943907
4123608
4642350
4632290
3896787
3981781
3597591
3093403
3337622
4626171
4640181
4868678
3226470
4397664
3487758
3104983
3813455
4309598
5007466
4459169
4768148
4282019
5007466
3769364
4232367
4506960
3748912
3885976
4312355
4346630
3463771
3866772
3995524
4628355
3116823
4493986
4812543
4735745
3124541
4834579
4878577
3979502
4772383
4067544
4924104
5009750
4890006
4347646
4422587
4386079
4144958
4459940
3661979
4384738
4010461
4337726
3362579
4840929
4433121
3747148
3422290
2670503
4024746
4682171
4510265
3309172
4590585
4735655
4501748
4406063
2924847
4347641
3477275
3701640
4627314
4491224
4306116
4498635
4368604
4033424
3248424
3828355
4822005
3422256
3431347
4871485
4915028
4918330
4968859
4914334
4222816
4648567
3408856
4580344
4523609
2733743
3384323
4466662
3594181
4853282
4669705
3930741
4384308
3596252
3751641
4121523
3012114
3674374
3894209
3319585
3160414
3539985
4533975
3874440
3922744
4748110
3679059
4745786
4745786
4403923
3856043
4718288
3522588
4919849
3439902
4440459
4339434
2687431
4894959
2812548
4787776
4590600
4351520
3383705
4484424
3661225
4381498
4546488
3756958
4587775
4408646
4838909
4427333
3958372
3590610
3782480
3203168
4884944
4128851
4473058
4979590
4911378
4989428
4303303
4801951
3608505
4634134
4800422
4503440
4671020
4667760
3503564
4520737
4526116
3326247
4156093
4494600
3911986
4751440
4519984
4015990
4086955
4472139
4476113
4788405
4141370
3798251
4742389
4076836
3897177
4669746
4259884
3825507
4686657
4398317
4821889
4581869
4151849
4741952
4146490
4937440
3533079
4653007
4723121
32296
4941314
4595830
4494924
4050181
4696495
4597257
4430274
3558425
3527616
4569358
3831906
4431316
3116852
4191874
3500650
4452692
3835479
4612089
4102815
4560490
3086626
4523890
3908745
4893611
3947387
4848833
4438967
4471556
5007918
4633243
2173568
2910115
3006024
4394354
4223762
3731557
4928339
3874025
4667880
3464269
3542341
4291052
4569848
2262065
3994041
4195890
4937260
3526589
3950859
3030586
4066752
4742181
3389799
4515781
4664790
3814367
4453457
3781480
4464597
3383700
3425087
4146002
3858345
4423933
4733325
3483167
4467041
4046687
1764728
2699477
3111472
4538829
3607566
4691652
4453516
2527015
4525203
4752002
3722152
4407384
4021255
4191416
4581828
4545512
3476228
4367239
3614976
3863424
2118062
3435395
4847175
4506380
4091171
4558123
3413417
3262823
4705474
4193828
4517792
2868809
4705439
3910462
4521078
4935975
4722453
4851291
4946387
3514159
4732657
4035094
3391280
4921817
3824654
3671974
4910750
3553979
1635720
3686977
4476113
4940097
4860845
4706424
3697100
4641711
4114785
4866648
4728386
4302307
4636255
3599235
4496396
2755649
3909372
3460623
2917355
4826614
4760315
4340906
4820693
4835770
4414174
3932557
4119236
4639710
4492094
4489885
4234660
3016969
3477635
3796304
3483423
3024414
4469373
2845661
3212510
4503725
3069076
3223176
4050196
3925320
3825654
4908409
4723225
4438057
4089830
4673280
4536295
3644048
3335155
4081806
3084716
4947924
4939212
4530872
3542797
2647773
3583183
3526458
4833931
3527276
4814109
4508040
4849706
4246696
3066130
2958838
3754968
3823228
4944721
4713554
2253558
2695538
3965503
4670112
4833141
4334261
4330937
2213440
3679596
3380857
4621836
4771101
3113856
4203876
4382998
3907012
4515077
3967971
2919532
2216418
3358587
4691078
2602975
3616012
4237372
3759121
3365899
3990546
4636795
3575355
3468597
4621745
4037220
4430428
4727519
3497614
4792542
4723225
4464288
4058809
2617764
3502700
4549033
3215709
3847332
4494597
3432032
3438169
3441651
3521763
4850034
4161885
554775
2945017
3252743
4937101
4416270
3189958
3317775
3590984
4924994
3408577
3608542
4506383
2570520
2737221
3749167
3776368
4394351
4561382
4008663
2118556
4741990
3466263
3355131
4457035
2944331
3990581
4144852
4958275
3688782
4837542
3413442
4732857
2830469
4753414
2952586
4764910
3634286
4334968
4482198
3135351
3893616
4714548
4558123
5005380
4672160
3500324
4649527
2568827
3075211
4006364
4849736
4121613
4196567
4675718
4627065
4520452
3602302
3639274
5006017
4166759
4108363
3265522
2376060
4624696
3742546
3419267
4371837
4433191
3291620
4918623
4564187
4805173
4562567
4496632
4085717
4727355
2731858
3242057
4649658
4467472
4036240
3322525
3661443
4114201
3860122
3774751
2615094
3245308
3846471
3326007
4192124
3572169
4747836
4123086
4449304
4364666
4501763
4666674
2671458
4741601
4564377
3872319
3982988
4791632
3009684
4663266
4941533
3305999
3549248
4303119
4152300
3130887
2173472
4718728
2361849
3542341
4888052
4553399
2615503
4995096
3950499
4613988
4029552
3103400
4108400
4467114
3510014
2928848
5007461
4812252
4464468
4243371
4626195
3763252
4619539
3219179
3338744
3857815
4366636
3423359
4798946
3627468
2447181
4500389
3248577
4010359
4910730
4891105
4459816
4482507
509302
4385850
3869803
3258255
3273471
4454313
3091322
2951341
3104033
3160582
2949839
4151789
4308408
4516205
4823982
4197140
2768442
4753523
3477166
4915067
4039124
2394287
4580191
4521854
2991272
3897490
4742742
3285655
4114781
4974077
3401127
3458053
3639926
3422324
2503184
4860804
4186680
3889684
3333881
4436057
4663490
4691244
4686221
4502687
3521872
4544884

3563622
4890675
4446364
4999551
4931288
2768461
3446537
2850929
4576195
3318698
3541284
4515030
3945288
3168520
3224667
4108354
4249599
3303840
2915805
4598758
4102452
3153963
4818510
3991667
2908552
3700899
2929330
4615268
3568027
3227598
5002297
4895018
4947157
5011916
3828809
4951198
3164180
4380807
4351092
4417279
2889931
4862184
4039432
4917737
4092152
3265956
3299683
4627809
4072584
3832373
4673629
3510514
4183554
3189397
4619778
4007809
4077733
3698167
4338193
2897763
4253450
3929701
3041822
4414193
4655319
4733038
4064453
3822627
3433787
4725973
3059716
1188517
4371653
4268694
4985570
4930277
4794169
2241871
4494932
3262219
4242838
3339469
4767937
3072010
4010470
3116838
4396600
4263739
3640086
3366088
3931808
4019852
4778065
3748374
4829432
4483165
4270243
3275619
4889948
2917039
3651136
2958823
3361481
4219743
3743777
4735702
4947914
4931827
2567431
4930440
3623635
4592186
4289609
4619507
3561979
4828673
4673248
4266902
4899922
2949806
4805106
4678657
3274541
3429922
4335018
3454427
4598156
4551482
3280870
4595657
4039164
3620498
4552301
4083437
4736712
2847828
3045621
3979850
3887275
3105413
3969040
4725750
4908603
4615388
3783193
3110188
4941120
4950242
4065548
3660918
4699379
4102505
4521991
3326205
4869683
5003478
4180644
4682171
4760121
4495056
3894551
4391858
3545970
3526026
4047860
3250491
4628070
3492551
4131725
3605103
4811467
4057482
4033569
4858973
4994041
5001836
2877639
4381933
4749567
3193536
4649848
3346764
4227649
4726926
3708416
3283893
4669751
4425643
4181616
4239612
3448699
4709732
3420923
4801004
4558517
4501661
4487252
4270178
4747598
2747266
4791683
3292891
3311078
4345971
4860824
3491370
4359378
3581489
3903613
4467415
4124017
2771016
3292937
3582444
2640210
3308699
4502697
3196574
3283658
4569320
4705544
4234247
3804274
3411681
4546488
2766052
4539182
4850254
4858182
3928818
4807949
4908780
2758398
3022670
5000765
4910092
4929150
3554740
4389865
4467123
3813504
4588570
3583667
4872766
2173542
3798251
3662312
2711052
4644374
3843528
3675082
3953594
4199512
4632302
3390334
4359251
4582980
3136934
3695935
4143933
2265438
4823945
4790651
4813707
3766969
4734616
4222122
3563539
4854444
3749120
4995432
4914282
4946878
4454162
3152909
4872754
4518658
4904785
3297677
3161736
4660649
4689138
4764858
2661137
4902951
3522013
4259811
4686056
4727314
2983070
4570807
4202133
4176185
4923262
3589474
2932661
3665803
3937095
3983045
2730749
4344754
4147337
4215835
3747076
3511274
2263137
3159448
4262201
4843232
3982994
3864812
4626270
3720612
3046407
3013064
3496702
3032667
4027218
4027218
3292550
4362482
4838368
4569347
4192539
4780064
3329559
4235021
4754719
4558571
2807262
4694826
3930545
2677670
4583834
4510650
4148220
3913705
4263371
4502042
3297630
2881788
2991360
4191414
4062507
4391292
3848374
4572734
3685568
4746260
3988164
3308691
4200715
4076197
4502912
2071963
3765760
3051337
4123072
3956896
3553962
3795033
3759350
3564925
4559375
4918310
3848249
3796214
4581044
4424430
3840052
4931016
3049238
3618279
4355741
4675686
3459802
4880054
3675494
3998908
4792575
4602622
4373426
4691124
4919572
3141076
3237582
4287722
3592818
4880544
4150800
3797720
4961470
3960620
4180847
4221711
4423948
3610289
3182888
4275069
4712341
4923567
4694679
4551985
4393111
3398181
2909245
4910723
4207782
4733035
3686744
2997509
3999713
4196986
4998210
4620555
4478030
4913267
4891127
4516240
546210
4990992
3823204
4340906
4871371
3575015
4176337
2711597
2266940
3880704
2866326
2173568
4192551
3258196
1484599
4800002
4886582
4884947
4830979
4802467
4659944
4081103
3565087
4499882
3268861
3471241
4742842
4589512
3621825
4331492
3223176
3902928
4427334
3285337
4667657
4255684
4771715
4556980
4951229
4377314
3749938
2631155
4066802
4304844
4316742
3229579
4833931
2855512
4291483
4494601
4669722
2804594
3945522
4800248
4541044
3521558
4353724
4580386
4112018
3517555
2998014
4076416
4742982
2775945
4845998
4485018
4648416
3323867
3814616
4638343
3707228
4579788
3525804
4557053
3900537
4998176
3822845
4598089
2886066
4121403
3072510
4376147
4716144
2763347
4493019
4593789
3320568
3933565
3982106
4189533
3901748
3540673
4491626
3254629
4508667
4854376
4549033
3699651
4532471
4806492
4546466
4564177
3265030
3069009
3997870
3741195
3521763
4589407
4459224
5000617
3809393
4067383
3642294
4046977
3700921
4618854
3694138
4057711
3962345
3497310
3570080
4416817
4561382
4121400
4121400
4288174
4732284
3851742
4814049
4980448
1876226
2833311
4133190
4695118
4312903
3544714
4633770
4710241
4013162
2553592
4076514
4363821
3834333
4667919
2629577
4781843
3478464
4393225
4431490
4728682
4258842
2639708
4571303
3813591
4745079
4526035
4270319
3789231
4296934
4123098
4205227
4832553
3816305
3107376
4370190
3478311
4496087
4319003
4972952
2647799
4691496
4309054
3463771
4742167
3032323
4940426
3149061
4717977
4145853
3591433
3302730
4544573
3926010
3937226
4459202
4039467
2892483
3941052
3774751
2118669
4768989
3871427
4591331
3672136
3436163
4785407
4918623
3538535
4260775
3827746
3995689
4950299
4438965
4753523
4233066
1945037
3357276
3914809
4669652
3416855
4246556
4169801
4302597
4510653
2991023
4749557
3460625
4247948
3815129
1291358
4328646
2869321
3637159
3538537
3897655
4759964
4037830
1097723
2924847
3971744
4816183
4794818
4994158
4756843
3447884
3859406
4016099
3979510
4878552
3979510
4528058
4538571
3756900
3576375
4890286
3498280
4526068
4499571
3874172
3926856
3704988
3244400
3653351
4820125
3950718
3840638
3603941
3519685
2794538
4929941
4894853
3502570
4767878
4096160
4558150
4426669
3623813
3082517
4390217
4534150
2883652
4550468
4281262
3600331
4528199
1698258
4265428
2847240
4914309
4990645
4912642
2156209
3782431
4482198
4071032
4207910
4944007
2855990
4903004
4000716
4486168
2954119
3458838
4209044
3974872
3257192
3337979
3740298
3627517
4263670
4855533
3248409
3501259
4565661
4520637
4161938
3252372
3364170
4215538
3977682
3145662
4216220
4627229
3607232
3782476
5013389
3488509
2579694
2923630
4013686
4772382
3025548
4745789
2854370
3352877
3197640
4712048
3771564
4294338
3246884
4471274
3145769
3820798
4809716
4955959
4899632
4991976
4288174
4459818
4018781
3880046
4383823
4294681
3526356
4772974
2933630
3406587
3994155
4728322
4876202
4479738
4057709
1262699
4334357
3712928
4325849
4297935
4973357
4203941
4359380
4024763
4196986
3446386
4805527
4733046
2745677
4086816
4535772
3605299
4659570
4778845
4528364
3215647
3169794
4740884
2613072
4788435
3951490
3472056
3432074
4607875
3237631
3851837
3664634
3762072
4806980
4213774
4695139
4868592
4218770
3159569
4823698
2671481
4991497
3956864
4476730
3871592
4673728
3870985
2199321
3656863
4122369
2323613
4858590
3784416
3420872
4146317
3740589
3779708
4010470
4786792
4438933
4829138
4172982
2800237
4809101
4814205
5007832
4739608
4991458
3135411
2213234
4119585
4309669
4632651
2361733
2797074
3655945
3254881
4117762
4685631
4492822
4502690
3912228
4539581
4758332
3869748
4694970
4314420
4582101
4694997
4183545
3325857
4154870
3678119
4741552
4872400
4879577
4861423
4777825
4747223
4891039
4894962
5009750
3660918
2657828
3471474
4712781
4521991
4377583
3337076
4382535
4488491
4637319
4729877
4738361
4640152
3661979
4170625
4634381
3577684
3675076
4079684
4844106
4757516
3566071
2638008
4013927
4570560
4700527
4162138
3412654
3408856
4635374
3290647
3069117
2173537
4523609
3764186
4587322
3721987
4407301
4371179
4418837
3775246
4671719
4528710
4010457
3594181
2734550
4782388
3925175
3797565
2396419
4838142
4337509
3986302
4928093
4742793
4191946
3136499
3906772
4494916
4072573
3791892
4599498
3908495
4993346
4102802
4669700
3581489
4771096
3570705
4732845
3671793
4545731
4002240
4705693
3804274
3870209
2171766
3369917
3520922
4643911
3987120
4805072
3572152
4791069
4432103
4343280
3567120
4241115
3755341
4663748
4580064
3212929
4735695
3631456
4727906
4123079
1392234
4278259
4085766
4320119
4496366
3927809
3977817
3563989
3239188
3630355
3858279
3735423
4837107
3409679
4686058
3500257
4656807
1636490
4972523
4973805
4873647
3572042
4312210
4261123
4525167
4203876
3282678
4279981
3720602
3680937
2164960
4622988
3615126
3500650
2947482
3253125
3675494
4575201
1289294
3630229
3658272
4694871
3213086
4267646
4505885
4490151
4626762
2174298
4915096
3994041
3120696
3737057
4519129
3411431
4822029
4929291
2665061
4349450
4911381
4275041
4086691
2887796
4987139
3751447
3595257
3378903
4805551
4439476
3312638
3517545
2824116
2661137
4822266
4275264
5003790
4676061
3488247
3656224
4853303
4524731
3824679
3360765
4513390
4062507
3573995
2553196
3882266
4696218
4579783
4655446
3572983
2634717
3775634
3412640
3592802
4961306
1182164
4791641
1712231
4748483
3633891
3751447
3618045
4725593
4491616
3522725
4487811
4282537
4931463
4033275
4901464
2715447
3257599
2367452
4506234
3166309
4004933
3613093
4935975
4075966
2586627
4731011
4908587
4747408
4161314
4937425
4389965
4199729
4358756
4496232
4786776
4738343
3819289
2785561
4495722
3669286
1952536
3814059
4098999
4349543
3871427
3877286
2570400
4643281

4011677
4226711
4393111
2813737
4149512
3820136
4731576
4357021
4351757
4370744
2063883
3080403
4973367
2928004
4138036
3405999
3909103
3666946
3141233
3673340
4585676
3812154
4235163
3009682
3212911
3920935
3771917
3634611
3575244
4055183
4684382
4915139
3160902
2869376
4537049
3912526
4447014
3757329
4324686
4171632
4829562
4764856
2836362
3347756
4488293
4713224
1570065
4687876
4726905
4423450
4657515
4106885
4163422
4008330
2773926
3448054
4632956
3249162
3153484
2974740
2955621
4791426
3509444
4045756
4476593
5011760
4812653
4709453
3621727
4740867
3885611
4839729
3930149
3406588
4359254
3664305
3100250
3737553
3646014
4149376
4262394
3199278
4957209
3835431
2933620
4518212
2409468
3069099
4541660
4194398
2750207
4049211
3038648
2668026
3575355
3781089
3968027
3992080
3665785
3477168
3592802
3461367
4226611
4446171
3151094
3467234
4192509
3293895
3082192
4620642
4595283
3334929
3551232
3654109
4909908
4049671
3865590
4741384
3926831
3626792
4147693
29103
4263144
3820261
4105535
3458568
4754820
4686059
4561382
3689368
4549214
3824650
3847312
4727066
4811448
4631345
3329559
4172475
1779370
4901079
1888803
4361552
4138111
4741615
4741615
4951263
4557061
3662316
4699379
3127800
3624991
4257723
4977182
3855032
3950719
4102425
4067531
4293903
4394948
3111616
3124065
3541391
4440256
4313114
2603335
4803307
3698176
4462364
3679036
4581764
2726264
4019536
3828764
4316970
4171571
4187550
2615194
4277293
4850036
4285465
4482793
3408486
3974872
3597533
3523607
4811492
4438974
4650729
4951772
3405208
4506919
4064991
3632104
4694966
4732879
3082241
4821538
2940956
3166164
3961441
3418249
3747081
3786832
3016689
3480353
3741175
4517368
4422361
3096956
4417048
4742374
3927811
4674131
4280138
3064804
3355202
3433477
3909047
3306430
4609147
3032314
4682057
3597030
3986229
4933154
4440243
3949669
4764323
3309020
4947157
3457733
3764058
4697852
4654477
4114802
3877370
4046773
3284570
4430984
3419695
2490736
2464623
2875157
3016492
4065672
3889224
4404594
4712681
3171170
4182552
4019587
4304414
4304414
2994345
4837411
3280463
3623771
3614988
4041748
3940866
4251948
4694913
3585325
4735631
4891128
3544876
4526116
3596335
3581451
4895818
4495624
4822790
2656243
4184960
4807158
3348488
2270910
4091408
4166605
4046919
3930725
4281158
4443934
4349123
4494601
3689757
3933653
4833330
4474629
4026520
4461304
3742233
3169542
4640816
3478508
4333416
3091518
4823827
2588618
3648691
3774612
3657546
4006813
3448696
4055789
4493996
3653892
3717072
3979765
3624327
4538107
4777538
3262753
3266284
4613529
4431421
3365040
3148253
4751440
4898763
3235125
4427460
2730592
2845098
4754718
3831906
3857271
4348165
4686661
3750045
3468683
4725373
2649434
4302915
4624233
4468152
3479207
2832679
3216985
2292179
4728682
2481402
3507954
3328392
3666396
3859953
3938655
3103401
4878552
3616111
4274750
4940857
4359567
4123089
4334294
4772974
4397902
4494595
3836917
4683056
4460025
4351203
4515030
4567819
4502763
4012080
3568072
4359079
4460071
2815737
3917976
3554707
4824084
4051765
3214053
3255987
4772974
4832553
2934671
3590674
4931841
4950747
4047118
3297677
4458138
2582892
3862182
4687874
3305383
4085712
2199210
3880310
4183981
4181418
2359852
4875171
4482511
2779656
3290594
3359321
4320088
4653012
3584049
3929701
3041822
3172276
4652986
4265704
4844967
2947069
3794926
4606125
3197518
3040740
3468579
4043117
3577791
4302899
4760953
4639806
3431399
3287199
4792583
2958823
4904301
3589417
3750005
3581207
4281142
3881041
3621838
4128733
4066331
4802485
4664913
4260734
3502598
3597591
3219729
4049749
4587667
3599336
4496361
4924697
4942985
4979065
4287722
3663727
3861124
4238372
4161230
4302951
3893534
2235833
4242291
4454313
4819116
4426952
4537000
4627772
2904376
4757891
4446432
3454427
4455068
3653892
3469570
3790678
4263119
4171628
3098242
4741730
3852968
4961459
4924745
3898101
4754343
4529706
3853367
3064775
4040673
3518102
4931289
4735692
4227430
4703905
4100929
3224749
4493833
4612323
3855865
4284801
4687923
3783433
3544711
4311980
4364948
4098787
3970120
4180644
3793972
3447665
2360758
4872756
4823480
3881370
4432814
3820266
3569963
3557142
4700530
4574560
4642517
4404125
4102785
2861590
2808238
4649848
3493755
4480738
4116530
3001897
4138053
4238966
4764822
3539985
3326058
3245278
4479336
4741733
4809386
4457856
4783353
4665705
4657163
2696436
4914327
4333215
4183418
3526275
4123781
3293905
3834823
4459735
4683652
4086521
4735628
3759383
4232461
3182928
3044754
4438970
3061878
3781989
3925144
4467146
4028208
3216621
3143084
3176819
4377402
4234641
4124026
2758996
3153646
3562228
4181414
4850254
4453855
4910162
4546247
4243337
3854185
4838360
5010391
3585258
4440769
4526116
3750464
2834772
3084786
3207295
3585374
4363567
3201061
3136481
3973006
3384610
3050860
4392476
2360652
3592411
4364748
4867575
4821889
4775223
3665785
2784946
4303892
4940055
4052341
4094387
4016113
3660581
4824883
3708810
3646048
4893800
2861112
4400644
4337737
4865983
3501222
4314414
3047963
2950875
4936385
3397840
4457652
3061060
4626811
3338841
3568914
3136102
4914733
4422361
4101763
4086270
4998146
3084273
3896417
4874359
2807296
4180068
4438974
4854551
3272808
4526313
5011512
4516138
4756311
2748899
4247165
4644374
3737262
4639896
4811533
4366163
4753476
3956668
4697837
4968670
4957328
3338762
4470332
4869934
2947069
3523409
3505666
3413666
4695646
4043533
4811563
4343068
4643799
4482069
4829538
4861914
4006901
4381951
4831636
2807433
3245311
4448531
4928074
4627325
4728392
4742842
2830938
4661860
4196171
4546487
126231
4196997
3666947
4441360
3857115
4629196
4460235
3637182
4991769
4178896
4485321
4565635
4687704
1550428
3973334
3521700
3926964
4686056
4916422
4676609
4429416
4918039
4491253
3408794
2575377
3674349
4145681
3675877
4522030
4802055
3774679
3713274
3176279
4669710
4125718
3083148
3865536
4887716
3144925
4029884
4941749
5016958
4452691
4393111
3832594
4733510
2999660
4021393
3785563
3739785
4745804
3927163
4945959
3403296
3663985
3679076
4504809
3711467
3040472
4308083
2266720
4976218
3101955
2924883
1484599
3542341
4579851
4387681
3771917
4520737
4433241
4950661
4991729
3898496
4094585
4530742
3308921
3734847
4551344
3815232
3953582
4600850
3946499
4735246
4307595
3411787
4141198
4805073
3259060
3454386
3078069
4198050
2248567
3292332
4669815
4658015
4503569
2566800
4725461
2670308
3909047
4746922
4917962
2104005
4375073
4309436
3237481
4812324
4690264
3577887
3914967
3986611
4914124
3599003
3496145
4564080
4314410
3818222
4841441
4829134
4409649
2172317
4049211
2930600
3314786
2820422
3822656
3535759
4854376
3293906
3335155
3188299
4411154
4486861
3080346
4294669
4629660
4012720
4151661
4132775
4911880
3482943
4727048
2787307
2720231
4916509
3852559
3335095
4109680
3567689
4541371
4932188
2874991
3873286
4742181
2912507
3688666
2778541
3869828
3153963
3575576
2172999
2656404
3091518
3533542
4449558
3906225
4013162
4388500
3120760
4427291
3061263
4218956
3493336
3572983
4034162
3815131
4356336
3772809
3808276
3627672
4672355
3138748
2853114
3317944
4121280
4337244
5005380
3825003
4310371
3702675
3841044
3474718
2901261
4766534
4762946
4326353
3679076
3612538
4761964
4633818
4047112
4434885
4777664
3519750
3442401
4882512
4137057
4452689
3029254
3689772
2867309
3260239
4394482
4655043
4843086
3295762
2267196
4546054
4750078
3439389
3688912
4417048
3990160
4842991
3377279
4286724
2713496
4241163
3851034
4357136
4346432
3818261
1500868
3364792
4735924
4740304
2970535
2064601
4370690
3275373
4695149
3948146
3463306
4147176
3846884
3538537
4321984
4491997
4741698
3419695
2694984
3971744
4768169
3242786
4886516
4891148
3765760
4451137
4876476
3510344
3829021
2845074
3829210
3075705
4907260
3000839
3111154
4643223
4521991
2785470
3937311
3893316
3671095
3676727
3567020
3948699
3708908
4626838
3852912
3412654
4578669
3610256
5002178
4335386
4138401
3896516
3907849
4340873
3582577
3604102
4529158
4255636
3253796
2270910
3851374
3102111
3885586
3701700
4166605
3003644
2951341
2758600
4446214
548132
4852193
3572104
4073284
4513437
4240501
3742233
4740799
3977001
4129437
3997558
4660203
2780319
4494967
4839656
4407272
4364373
3679321
5018339
3408431
3885722
4284123
4463759
3988182
3720722
3145662
4627293
3554784
4245215
3734504
3637393
4383005
4961766
4982040
4880044
2995064
4712270
4320531
4503745
3466278
3661586
4931288
4095694
4449813
3840166
4762950
3759077
3650022
3712580
3894987
4760374
4389882
4659938
4359739
3965357
4574201
4596462
4422964
4549259
2600669
4798952
4543871
4748455
4503621
4738318
4163664
4873146
4914296
4144329
2582892
2908616
2670505
4505356
4133232
4267627
3708810
3031266
4209049
4830554
4994244
4038485
4420615
4658161
2995420
3612137
4647895
4611740
3036781
3765198
3824688
3160588
4356071
4282548
3207293
4969639
4943696
3545928
3790701
4709566
4207795
2791842
3823652
2954953
4778065
2573962
3424252
4383526
4016653
4507259
3207854
3367946
4242838
4309583
3862723
4255689
4414178
4627301
3037403
4300499
4042167
3821059
3310967
4868678
4673282
2844398
4943856
3895387
4018585
3628087
4592186
3265516
4429249
4978994
3602193
4463653
4172815
4359321
3871619
4550104
3410903
4312355
4006041
4362951
3406578
4067296
4558518
3266901
4381594
4166605
2796953
3110188
2819834
2661041
5002215
4950242
4741876
3696067
2659361
2902505
3657699
2887354
4741724
2720538
2670503
2582243
4055749
4637322
2712760
3927955
3248383
4452261
3643921
4669652
3973283
4641828
4842372
4922844
4765497
4918330
3943912
3720586
4696811
4247651
3653809
2983066
3031519
4769170
4346534
3547954
3488543
3356364
4798945
3738968
4309049
3938074
4501661
3018500
3937121
3495902
4233052
4356562
4788696
4848840
4869937
4649839
4235027
3522723
4438915
4247615
4928093
1635720
4823981
3590610
4436378
3229596
3944268
3579842
4459821
4164748
2958949
3880321
4792541
3936288
4353799
2712796
3888969
4914304
4961794
4403777
3136934
3677938
4502824
4232649
3503564
4440769
3596254
4619604
2946292
3564925
3287101
1762019
3563989
4191393
4823945
4520689
4812468
3862763
4736189
3234281
4976202
4885798
4974456
3145754
4337613
4826614
3175201
4432801
3282678
4584003
4521931
3266931
4962445
3019166
3772887
2775956
3677921
4802117
3538595
4935457
3521752
4720436
4809547
4820925
3937095
3940872
3672796
3799759
4031152
3226564
4717847
3976288
3152340
4643962
2386784
3954894
4735759
4349450
3540675
3711818
2516977
4362482
3589261
3447795
4482606
4793259
4860593
4840862
2740868
2677670
3763431
4811449
4188521
4534446
4306116
4781843
3875533
2900211
4932197
4456446
4368748
4326867
4115632
2903399
4227224
4971130
4691614
4221162
4340916
3332030
4189815
3087671
4785232
4742541
3121334
3229559
3708934
3664824
3411732
3793988
4050480
4740818
3333865
2704372
3029264
4106362
4559110
3121758
2642935
4282369
3446348
3113675
3214047
2962506
2722082
4265266
4931287
3350475
3391280
4646403
4145372
4311133
3405213
4077259
4728337
2172957
4264947
3901705
3841767
4298672
4084994
3676849
3412797
2639207
3927163
4706351
4352985
3759449
2650098
4662463
4699616
3518102
4920097
4789578
4873533
2423614
4190289
3760889
3667179
3446360
2396431
2248752
3437688
3759339
3689693
3101112
3430559
4050181
4652747
4395285
3703876
3402328
3921454
4493045
3776120
3475263
2952587
4821356
1831768
4830539
3131303
4830462
4020860
4260748
4849650
4076628
4129468
4979953
2553196
4254946
4081179
4501663
4023497
4303205
4940078
3248115
4565848
3945908
4355132
3659046
4938177
2892027
3771941
4319831
5006641
3218952
3759404
4873978
4146410
2195911
2211829
4483218
2874764
2151643
4238949
4520766
4023949
4376793
2750207
3471944
4059931
2689857
4697062
2752166
4687125
3616199
4174134
2359667
4013597
4633636
4498307
2868981
4055143
3633968
3796214
2913138
3335155
3531470
3854452
4189897
4752349
3887112
4697083
2329616
3828895
4687443
4317941
4829584
4999518
4523944
4407593
4199125
3945815
4745769
4257887
3029346
3458568
4719301
4141641
3688666
4706691
4615268
4263459
4797308
4633218
4432920
4298672
3359677
4299447
4320460
2947063
3747153
1888803
4556642
4330660
3900716
4821554
3289929
4623150
4533975
4250062
2724276
3495951
4614858
4546475
2655723
3620909
4293114
4066784
3714592
3107376
4464234
4507751
3744458
3614962
4556729
3463771
4317941
4376665
4770769
4482369
3605103
4651316
4727569
2837373
4558477
3496612
4626168
4551929
4408054
4238005
4937612
4013012
3731358
4816112
3984242
3029254
2729921
4315254
3338610
4576457
3337421
1635259
3377717
4735924
4599206
2988374
4105595
3480353
4334199
4841034
4563167
4141771
3667720
4669767
4841779
4561675
4766320
4413894
4483168
4638082
3325250
3185957
4544713
4655073
4215538
4948024
4548811
2669217
4749555
3913638
4083618
4395386
2857666
3765760
2660271
4837472
4385988
3171170
4657621
3041908
4962417
4868742
3522644
4152279
3849044
4653079
4740302
4064517
3532995
4626141
4207579
3683504
4838898
3831894
3835564
4891128
2964312
3442413
4149276
4468136
4401560
4385850
2576346
4910717
4051246
4230759
4980809
2856912
4234672
3292901
4942609
3721987
3642183
4993541
4098999
4189421
4852193
2891991
2464736
3123306
3551550
4581162
4727066
3506489
4459819
3245909
3171493
3052529
4594682
3167640
4650697
4499136
4431828
5002909
2680865
4415119
4839679
3203896
4482643
4795739
4793079
4172755
3199505
4811460
4335040
3561975
4845990
4195883
3764163
3386213
4600628
1325017
4764899
4862041
3216335
4072539
4736031
3506438
3944266
2764457
4732851
4086926
4074009
1781437
4893677
4726202
4759612
4449813
3500343
4174527
3722649
3907060
4779261
4227870
3979157
3110189
3823298
4074009
4401289
4671004
4796315
4575926
4757808
4991727
4745747
4647842
4520553
2994709
4033771
3197607
4548013
4021813
4096284
4241147
4551988
4124901
4417307
3484059
4082185
4695024
4359083
4632304
4929470
4355026
4629191
4206288
3905033
4324653
3973245
4069008
4424103
4502706
3298557
4486081
2686679
3661645
4141208
4924675
5007442
4974481
4471814
4281142
4060731
4742064
2807372
4760770
4352274
4700480
4526044
3136449
4929889
4191430
4334522
4364634
4503932
3701638
3203112
4351406
4756377
3720551
2708810
3072367
3686788
3391198
4789776
2517598
3404013
4387225
4564363
4886680
5000422
4932730
4931578
4891089
2701598
3045593
3507199
3384327
3078069
4910164
4731926
3088661
4490383
4537000
4426815
3668624
4393194
4462938
3454427
3915127
4414199
4221692
4423151
3334911
4496368
2997062
4008386
2856018
4076681
4366354
3618526
4620277
3927131
4537744
4686070
3197621
3688571
4928343
4938991
3480485
4501748
4164953
4667223
3338448
4895393
4933246
4921027
4609379
4614947
3620110
4727569
4308083
4329194
3781469
2674940
3364172
4831063
4134716
4650574
4242679
3828355
4630297
4872753
1636431
4081084
4919505
5003927
4209203
4860958
4676261
4760398
3519492
3584353
4758032
3942480
3750003
4326523
3759669
3483126
3151299
2914693
4612127
3177895
3966871
3493543
3832623
4597456
3784441
4669089
2996542
2836302
4734146
4842313
4745707
4440459
4580350
1431581
3999291
4289851
4297808
3366082
3848981
4194285
3176298
4265484
3398492
4563131
2947478
4539074
4117429
4713100
4811400
4385934
3566028
4194286
4741636
3756958
4578525
4838151
4158130
4473058
3535759
4961766
5013387
4232649
3328202
4502935
3105539
4380103
4754820
4377070
4263125
4086955
3707916
3927809
4053326
3578861
4595766
4598295
4441450
3842983
4826216
3859655
4264763
4924713
2833193
4356588
4558155
4371837
4901348
4066800
4279981
4125377
4338251
4456659
4812528
3573011
3688711
3359970
3308700
4640987
4365686
4468134
4407985
4484425
4934026
3471474
4274265
4358987
3874025
4907307
4338747
4571731
4589773
4705539
3507213
4823739
5000768
2952861
4672512
4581775
3594180
4058047
3179507
4494602
4576175
4003369
3218582
4294473
3283994
4742130
3441911
4362482
5006368
4927884
3945879
3637377
4092152
4929442
4760953
3169705
4359124
4734858
1601967
4695646
3111755
4340719
2778378
4694969
3180377
4199113
4196160
2791441
4979411
4281158
4253085
3602195
4102808
4745693
4310884
4811395
4118467
4857119
4440839
4060384
4362478
4579783
4264946
4615253
3605377
4646802
4320119
4741475
4344842
4372563
4669167
2800842
4060136
4216001
3702434
4650540
3695946
5011925
4599279
4643297
4161314
4579967
3546995
4895299
4580711
3988079
3797720
3278607
2958121
4431490
3162493
3792965
4320311
3874104
3292963
3338757
4819519
4674527
4464165
4321597
2576083
3656901
2964292
4468872
4207782
3797129
4826591
5005035
3226433
4742837
3107207
3310861
3577502
3601056
4106048
3407068
3690392
4475826
4871702
4929755
4021518
4038460
4154728
4489885
3031469
4131197
3820466
4687125
3493503
4969616
4357513
4203752
4598626
4878563
4533782
2211876
2781434
4999915
3546881
4412031
3300025
3786975
4859522
4842933
4333488
4550791
4749282
4046437
3720551
3279398
3787554
3369482
4132216
3774615
3774615
4239633
4679383
4499334
4736418
3399800
4407272
4850651
4872757
3966546
4568953
3819388
4709329
4670112
4792450
4015342
3734182
4653004
4584302
3796452
4584467
4470332
3032326
4964503
3775512
3060880
3367397
2726578
4102793
3897332
3064659
3627979
4793043
4227244
4667177
4108062
2700114
1906861
4691614
4240597
4113377
2768440
4010359
3058574
2785511
4023701
4955996
2679687
3574160
3864140
4452782
2898104
3064591
4431607
4077753
4354968
4826446
4335349
4132775
3944267
4819620
4339125
4646494
4630661
3297629
2684324
2991332
3888430
3010988
4237266
4611707
3242611
3445760
4367157
4430274
4886511
4730646
3303169
3862672
3567070
3649972
4384732
3018407
4406026
4657206
4588367
4752212
3887019
3715052
3348432
3348432
4751532
3999450
4458878
4764570
4492915
4048215
3972179
4988444
4448127
4280485
3582617
4540577
2861705
3418292
4411032
3464153
4503445
4910164
4390329
3488477
2680336
4805139
3881370
4511365
4309604
3734634
4148960
3044559
4471825
2575531
3559583
4648325
4193738
4071032
4449815
4651563
4212682
3327649
2776596
4669520
4152346
4020823
3642198
3022822
4226686
4148831
4381973
4028204
4350935
3982988
524250
4747507
4351074
3417070
4593644
3240900
4041463
3033182
154094
2709446
4520643
3344913
4045841
3991597
3284243
4502674
4686087
4609056
4037536
4445010
2820018
1276788
4370648
4257907
4794670
4791231
2561074
4789851
4074125
4506915
4741851
5016134
3272464
3571995
4843710
3734444
3229446
2775952
3544596
3216555
3935941
4465903
4550468
3943179
3923676
4765889
4945738
3387243
3160487
4819936
3181345
3387246
2815739
3977001
2315677
3262088
3961292
4657515
4990999
4393234
4023027
3567269
3398009
3040224
3625160
3130253
4353772
2660151
3566186
3806839
4662039
3411799
3956714
4665713
3906224
3012856
3561975
4058023
3633920
3517456
4180433
4741887
4718526
4174038
4112182
4630903
3584439
4747374
4091528
4008708
4546681
3846471
3833175
4522902
1180473
3762186
3853347
3777412
3924288
4516510
4335351
3840166
3084674
4393253
4626834
3260294
3784470
2828646
4589779
3126832
4010899
4628302
4767938
3123372
2386506
4315364
4421748
4259421
4846323
4433211
4337201
2656902
4755543
4237211
4495997
5007442
3277212
4054870
3540081
3059651
4012854
4619778
4352858
3469846
4222680
4382927
3966802
4094511
4414307
3817341
4741484
4830441
3899696
4866033
3084256
3224728
4835110
4340052
4908437
4436828
4053941
4300525
3620528
3862723
2866658
3964277
4924697
4973607
4985007
3299790
4361620
3713000
3955211
2651180
3758808
4660212
4637303
4642524
4504148
4717278
3616708
3567331
3572096
4477851
3823866
3675065
4002815
4838297
2568806
4484456
2465797
4339013
3885976
4316603
3105058
4264765
4479415
4226670
4291150
4320546
3991716
4210504
4694874
4374846
3157470
3770685
4170195
3979502
3868544
3130666
3558521
4862386
4877568
4940098
2845820
4734840
4368408
4855185
3747162
4920146
4525203
3079583
4132708
3715418
3594169
4545815
4595118
2817453
4433121
4225493
3566218
4581803
4633183
3847316
4802171
4276933
4877299
4245974
4873529
3064804
3957375
4732300
4648567
3184152
4893163
4747211
4763304
4190467
4750278
4696152
4338747
4503566
4311429
3487866
4613207
3688503
4816227
3937121
3179467
2287285
4864299
4745786
4991435
4230746
3366082
3528794
4625612
4260953
3834982
4383727
3822649
4855537
4914932
3829911
4583528
4941297
4513397
3431439
2225441
3203143
4543534
3350500
4732845
4551920
3942385
4829139
3198436
2917033
4422144
3815229
3562228
4840291
4455982
4840944
4890115
3597682
4694866
4205289
4898154
4526116
4557113
4854555
4583782
4094887
3466286
3492284
4440769
3187850
4948956
3454376
4411098
4096524
3480444
4544806
4362468
3207861
4371382
1894962
4441450
4449222
3121789
4809497
3464593
4252900
3149625
5009375
4533783
2837897
2913814
3165074
3706857
4924672
4987139
4998420
2785511
4081092
4878550
4532365
4287931
2175317
3817409
4430659
4576457
4694826
4857399
3217052
2779731
4312504
3596371
4686761
4891703
4236681
4011785
4175995
4889108
3356111
3979117
3137084
4717847
3503714
3832613
4774517
3325271
4924695
4293114
4092233
4824080
3317944
4436784
4697857
4375780
3117992
4319788
3198765
3496700
4092152
4231772
4929442
4227062
2933620
4724081
4986549
4108417
3040206
4253085
4313695
4253085
4793227
3917515
2071963
3987120
4546604
4630903
3229619
4391933
4839729
4803273
4683079
4422964
4058031
3912313
4564091
4733038
4968972
4132756
4940300
3383737
2367452
4957209
3384915
3031570
3031570
3348924
2174277
4919572
3867893
3521763
2034469
2653637
4331761
2734324
2836971
2776602
3899003
3133366
4076859
4320827
4904241
4839164
2868905
4321597
3163635
4154856
4672321
4275284
4337475
3503757
4771102
4801176
4006813
4529184
3828128
4378455
2779657
3210802
4581793
3726370
3124053
4063227
4259810
4336283
4725909
4694839
3656837
3651826
3020958
4877597
3822840
3944498
3143171
3575244
4117636
4686566
4427334
4660687
4253441
4327736
4280133
4352034
4565661
4940056
4120273
3567128
4581830
4407272
3995523
3689029
3281990
4354164
4156323
3757464
1687191
4419570
3174211
4728306
4593589
4440597
4446796
4626129
4833139
4220281
4262374
3658001
4339892
2714310
3344893
3804477
4219996
2865566
2919532
4833931
4449972
3753454
4161508
4783893
4236362
3967168
2752166
4506378
3010075
4477307
2991332
4564096
4366638
4820827
3442180
3945288
4297291
2873434
184456
3328201
4661982
3202540
3622636
3868172
4770146
4244131
4439997
4802117
4795735
4457652
2839148
3189958
3385011
4786644
4906469
4482621
3996502
3646737
3646737
2409699
3885825
3552540
3783422
3945638
4496850
2941115
4674781
4757558
4508153
3032335
3350550
3997014
4476581
4754460
3492283
4730626
4674707
4891180
4257723
4334968
4214889
2830955
4603996
3522594
2875660
4254090
4048463
4063709
3478311
4726253
3983939
4630731
4834041
4579094
3032556
3544465
4733041
3831485
4190335
3657998
2992507
3903598
4000631
3916389
4935457
2916122
2988772
4673182
4209782
3946619
3172271
4941359
3042233
4480704
3844377
4766434
3096956
4729927
2857113
3986816
3096973
3668519
4286533
3227514
3557259
3596409
3203583
4365277
3575530
3706516
3284570
4397926
3921169
4718889
4701441
4472213
3676727
3642183
3032664
3056803
3999112
4734779
4027427
3522739
3630140
4860838
4608722
4504454
4587738
3903541
3498280
4062977
4486146
3931302
3131270
1955831
4720447
3032787
3726425
3160414
3021516
4177377
4619391
1184085
3374811
3976390
3972091
3646821
4931502
3947479
3245276
4377839
2913282
3923792
3112224
3786888
4117574
2635557
3535759
4511872
4830748
3157456
3534240
3975168
4631345
4068081
3540084
4414379
2828409
3724472
4353747
2949850
4081546
3590573
3639274
4808009
4581815
4349259
3116826
3759669
3415443
2781170
3942444
1702560
4420599
3728151
4158125
2699777
4756817
4595647
3655379
3063137
3035627
4841441
2688950
4559327
4027873
4946890
3386213
3777978
4918559
4497374
4196863
4270298
3674996
4787787
4226475
3507221
3605329
4783921
4448854
4590641
3285758
4259435
4223318
3827134
4207825
4203416
3682961
3866123
4464480
4067464
4771715
4806917
4081092
3343078
4452689
4472775
4316899
3025916
4951302
4733046
4897702
3051826
3183085
3982988
3430003
3363331
3827746
4007809
3620933
4151993
4770416
3174244
4751466
4860593
3511161
2730354
4782373
3040198
3252033
4170573
4137286
4938926
4773601
3356394
4626573
2518705
3283740
3907746
4000961
4528227
3979039
4418703
3282907
3961341
3817247
4564756
3869823
3350406
4256418
4820703
4579850
4895048
2670516
4859505
4963897
1906801
4364051
4891039
4625724
4172815
3322325
4539228
4065135
4736613
4551482
4515074
2694275
4039166
4347647
4490383
4797281
4411448
2780396
4392834
3675037
4039114
4599252
2706265
4932187
4957230
4769282
4741876
3898697
3622876
4279363
3934589
3899041
4678158
4361008
4773256
4329194
3122057
4395233
3887019
3672819
3132740
4552494
4896021
4407856
4866950
3549573
4162138
2360295
4996945
4703865
3083148
3279376
3966871
4856776
4303210
4916509
2785759
2857016
3342748
3847886
2675057
4436175
4353782
3996502
2175228
4867620
3360661
4086734
4558126
4261081
3160899
4995743
4459821
4494916
4572703
4619832
4737253
3647037
3701077
4425340
4705085
3519869
4756710
4578755
3570705
2952081
4749954
4557973
4637354
2766052
4870189
4858283
4882609
3203168
4158130
5000765
4801727
4958295
3495671
4770214
4830905
3288805
4944761
4375993
4570519
3670843
3596254
4775223
2842299
4380103
4076190
2171537
4773404
4358942
4380798
3012735
4651511
4650859
3213160
4586751
3630355
4598309
4031377
4596496
4850425
4654472
4823995
4987139
4717392
2990189
4765182
1553469
5018195
4042876
4373930
4087004
2829523
4686535
4687091
4525381
3597632
3790733
3337974
3446417
4838297
4834364
4159120
4742148
4742841
3947387
3126732
4122414
4581830
4712816
3517581
4123078
3002191
3948843
4686427
4312923
2360737
3759763
2927536
3671793
3150355
3530381
2151133
4663490
4387245
4560915
4474837
4666367
4003369
4855533
4326448
3870133
2020443
3660529
3032335
4224387
4592261
3756525
4092347
3830745
4697822
4600336
3608661
4493050
3154889
2880659
3782139
2118625
3812016
4725750
4507007
4053163
2881788
4977679
2713978
4239109
4850658
3594444
2360295
3309951
4498915
3960621
4227646
4513857
4196107
4256371
3980230
4391082
4875352
3836241
4944476
3633891
4072957
4748483
4106853
3213274
3350501
4444445
2757091
4183558
3424167
3985661
3985661
4368139
4125414
4197299
3340555
3906977
3669286
3254639
4839733
4098999
4879898
3698785
4626135
3741356
4532929
4401698
4354422
3253784
3157005
4496259
4742855
4812565
4350406
4835581
3605093
4650558
3620158
4811471
4569383
3493345
3946293
4604685
4682161
3084675
4540424
2850327
3628344
3200357
4504809
4882595
4633479
4776275
3418241
4918600
3060470
3673910
3160853
4154692
4014591
4280221
4036362
2908572
4259312
4588500
4581703
4950628
4590599
4324084
4150769
3871166
3921454
3964312
4591690
2813297
4559312
3249162
3788750
3971655
4686092
4994202
3357307
3583529
4419350
4008428
2150734
4870566
4368079
4611713
3771942
4224387
4102512
4368082
3589417
3235447
4542127
2637979
4294362
4594765
4758715
4858180
4109950
4734212
3671304
4024746
3724652
4466389
4899630
4387283
3615728
2957857
3994518
4580205
3787148
2394374
4311507
4692002
3335155
4418765
4583221
2689933
3916338
3064591
3191320
4832500
4741384
3262217
3633909
4806866
4593006
4480703
4511728
4423143
3737016
3552540
4159437
4873781
3770514
3663560
4416817
4666396
4768183
4199417
3914586
3701863
4552545
4542310
1479379
4521868
3358244
4882592
4751498
4482413
2360449
4660059
3510011
3457980
3662316
4012443
4758095
3060028
3697986
4171627
3578845
4391310
3679036
4750963
4139331
2999557
3831485
4197149
4482577
3096956
4726809
4137061
4571093
4342582
2171208
3688557
4999312
4415790
4865914
2453607
3957373
4449815
3873503
2566875
4080754
3734813
4827136
3635944
4368832
4710004
2838327
4302217
4490555
2916826
2312329
4972821
3903613
5006192
4510653
3229559
4742412
3460625
4640840
4454305
3814379
2795852
4695149
4176517
4320452
4512624
3652809
4858750
4232381
4741304
2367446
2744998
3867145
4530945
4905461
3494876
4465680
4709909
4191969
3923868
3893783
3874574
2909156
4511656
4858750
4741939
4757516
3819286
4526231
4594892
3312332
3378718
4870563
3314191
4467109
2600823
4973375
3470650
3701682
4864438
4294948
4811471
4741741
3688782
4254453
4099093
4363610
3787793
4163173
4030451
4032798
3669353
4317912
3551790
4021819
3827249
4614940
4425007
3166312
4853303
4279409
2394287
3979765
4600628
4802788
4416813
4038739
4741952
4215599
4524655
4694921
3870985
4919613
4391502
2649434
4102526
4538859
4453678
4650443
4116245
4931029
3543168
3761158
3112429
4062935
3633853
3633876
2731224
3816305
4011677
4712048
3925320
4871357
4377584
3077363
4227549
3262811
3492371
2815737
4484423
4633961
4372110
2567966
3025548
4102452
4279416
2584963
4658114
4195616
4190468
3712928
4944906
4177746
4142619
4670240
3359321
4332744
4207637
3223162
4100811
4507987
4302930
4718824
4648430
4858858
4505884
2941112
4130630
4181418
4662483
3898874
3612137
4673190
4667639
2898885
4370690
3477687
3985664
4757710
4758284
3836765
2938198
4909859
3630088
4281118
4529294
4231541
4756810
3871604
3701111
4756727
3745427
2361529
3064086
4767937
4694942
4144290
2981734
3760650
4010470
4582193
4568946
3200322
4673266
4372593
4319969
2911912
4522635
4818459
3912228
3950298
4438961
3885976
4741954
4414199
4454755
3813743
4756313
4807253
3640080
4650550
4649895
4695066
4615269
2266861
4950341
4941730
3575808
3700127
3577914
4564359
2994759
4847231
4567025
4631754
4015442
3364172
3531403
4325331
3908400
2583050
2360758
4747178
4117787
4939755
4991412
4100762
3585213
4264755
3207829
3721987
4010266
3444321
3326058
3922814
4594003
4801004
4728496
3585113
3864473
4409766
4067330
3898333
4626182
3879278
2814792
4728674
4494940
4928093
3158767
4798964
4702565
4320311
4426939
4816131
3387187
2241889
3840490
4438970
2258417
4545512
4027876
4263885
3671793
4560817
4391979
4789484
3822497
4192620
3958372
3068691
3609830
4965744
3174173
4599031
2572840
3346737
3103401
4969604
4748576
3474740
4076190
4699200
4619604
4550815
4035898
4632313
3411745
4362468
3351588
4259884
4700864
4520518
3395654
4729668
4729668
4806380
3835000
4857550
4423012
4972523
4973805
4946372
4967870
2833193
4084946
3595257
3917915
4603833
4312014
4312014
4549951
3458032
2920336
4191874
2775956
3858876
4727314
3404013
4824118
4814710
2171752
3926517
4574557
2757554
2409840
4373728
4573935
3084273
4873533
2759906
4854551
4263144
1601957
4579929
2825759
3599053
3552176
4129937
3962360
4464340
4595830
3646759
3060694
4788362
4897702
4679340
4812259
3184170
4363203
4928056
3587415
4918538
4526535
4011338
4383022
3790825
3909103
4267628
3988040
4564390
3722480
4596091
4521865
3383949
3082177
4595011
3400666
4195890
4824700
4854383
4268566
4327758
4092133
4142610
5006240
4359246
2375297
2793512
4409857
1712231
3804485
3285337
3751564
2584963
4640348
3569645
3433466
3174160
3483167
4462394
3359169
4919381
4467102
4501333
4549054
3552885
4482279
2774331
4618596
3154946
4111759
2944882
4231016
2883694
3843810
2733150
3891869
3697986
4159407
4527739
3267730
4762545
4741471
3633876
4791267
3185409
4149512
4643248
4678866
3252264
3756105
4517050
3246570
3412797
4437361
4493409
3594239
4975574
4231224
4216204
4086999
3459855
3063379
3376394
4086270
4665911
3521476
4918600
2259170
4991437
4169336
1802738
4662207
3417509
3986976
4102830
4676731
3419765
4686759
4652747
4877580
4742787
4405000
3750610
4918319
4619670
2925947
3388061
4879633
4742098
1142491
2978102
4921634
3538650
3727215
2376060
4605768
3006385
2820552
4194318
3887009
4302667
3942467
4759627
4823084
3360134
3413348
2809809
3510261
4674714
3696004
3929706
3668793
4267647
4370677
2987811
4859571
4972999
2874764
3557377
3935829
4023949
4368515
3577695
4551318
2655664
4793219
4726845
4262479
3190775
5007826
2150721
4977287
4663266
3823835
4651554
4480507
3569575
4222560
3946619
2993748
4513012
4223419
4721009
3477144
3034184
2653195
3410491
3906589
2621261
4071021
4742181
4367157
4369722
3210366
4381604
4175630
4262501
3307315
3472395
3092180
3688771
4070648
3013136
4563553
4417300
3599646
2427038
2782044
2168397
4356387
4829863
4105463
4872770
2171671
4807090
2373871
3150449
4839088
3352656
2776531
3528700
4145853
3366984
3834046
4052530
4074068
2588539
4813184
4015902
4493092
4863824
4456282
4047874
3179747
4496632
2655725
4394953
4110041
3807682
3546734
3734813
4015687
2927538
2845631
4678158
1976446
4467472
4338234
4854810
3681704
4081103
3178609
4794921
4537036
3636213
2982111
2045673
4503837
3872319
2859386
4213468
3384637
3140523
4686813
3826988
4312504
3905894
4049914
3774913
4125279
2993678
2886854
3236773
4769249
4870690
4760305
4784912
4912642
4406435
3851837
3923641
3650249
4748701
4411155
3202798
3396623
3651163
3741133
4626174
3477635
3998068
3362684
3563537
4064348
3922431
4813092
3281846
3515514
4294948
4428054
4232360
3285195
4484473
3774280
3605451
4697139
3412803
2172951
4011591
3897189
4121302
3078326
4671609
3653903
3491062
4789582
4991724
4907041
2581490
4714905
4126692
4180139
4383025
3614054
3717849
2717370
3819286
3213079
4632002
4513676
4990101
4350611
3575244
3763373
3482220
2873442
4081508
4666118
4816316
4711775
4713224
3852023
3777931
4150970
4881472
4604688
2649434
3228994
2859064
3828811
4304804
4559387
4153407
3893417
3568027
4939549
4741650
3439931
4207825
3829869
4244135
3264619
3203938
4264013
3219184
4081076
5007532
4920179
4733046
4739769
3764184
4400595
4357704
3785563
3496700
3445593
4883796
3517305
4840222
3292188
4806980
4038485
3756900
2736622
3798953
3565976
4253450
3362551
4244134
3025972
3174244
4807999
4826200
2173691
3822627
4971317
4300525
3163588
4038841
3661362
4654329
4700480
4578959
2865566
4429113
4502769
3847338
4275590
4737181
3717305
3186908
2910720
3898376
3646741
3567024
4706723
4572080
4432624
3873892
3995960
4881505
4028230
3261210
3605217
4583097
2654156
4232687
1935018
3861124
4727552
4777551
4480507
4625550
4769165
4827067
4947829
4742834
3757040
2094084
3396653
4054923
4133200
4650542
4515074
4432501
4432501
4381590
4430315
4430315
4508495
4263371
4935105
4931237
4974905
4055408
4270898
4361008
4157315
3750807
2936806
4734840
4239051
4734112
4278321
3402461
4640152
4148127
3899955
4496188
2889771
4033424
4288926
4428436
4154646
4873670
4873529
4897763
4885800
3829991
3712492
3470577
2822934
4381933
3937117
4173039
2722991
4242664
2776020
4430306
3595217
3984027
4414173
2963119
4739668
3672780
3495902
4826942
4880866
4250062
2989321
3162493
3001051
3579842
4370722
3433428
4450477
4376746
2929459
3744948
3117020
3431439
4159437
4298385
4171633
3163666
3059717
3693405
3928996
4716300
4741636
3756958
4660214
4887810
4965744
4609750
4340760
4167328
4459267
4823984
4378893
4907319
4516205
4673528
4830935
4747359
3239188
4380401
3124549
4568518
4598085
4779230
3791366
4370694
3938039
4425239
4019499
3585270
3154957
3047806
3166938
4052813
4732853
4533783
4791239
2633047
4947185
4195821
4649508
3181343
4951256
4256087
4036472
3082546
3313954
4564095
4198628
4686070
4975574
3953484
3911973
2172952
2311276
2670517
3566038
2360737
4322973
4344852
3836737
4526098
3536703
4624936
4783941
4649039
2896721
4459818
4199507
4887429
4613366
4940081
2887373
4345154
4458138
4830877
4092152
4385263
4519132
2873697
2699477
4652893
3154848
4951242
4770246
3765780
4768956
4850658
3899955
3950667
4650722
4303977
4749540
3722480
4138053
3235151
4051595
4449028
3478268
4249746
4192321
4544806
3794716
4969615
4954757
4943469
2525583
3989220
3597632
4193828
4773430
4425521
3896509
3039439
4890982
4886686
4623068
4791231
3140482
4344605
4369823
4274106
3881507
4607365
3653942
3717479
4581213
4760299
4198192
3929299
4879261
4164664
2864910
3136543
4604482
3827347
2864910
4571141
4950473
4408646
4879898
4398389
3458570
4382129
3546911
4649508
4310189
3755970
3460623
4976208
2829079
4523817
4148247
3503757
3722315
3229488
3925986
1950944
3266244
3896333
2665227
2850327
3610976
4177559
4353781
2688950
3379971
3829733
4665911
4406530
3905720
3411621
3635019
4967824
4257532
4519289
4028618
3744532
3812138
4313950
3672723
3536703
4207949
4249742
3688904
2652027
4742787
4967816
4437538
3643914
3655379
4872776
4592217
4015503
4813269
3757055
4529228
2651626
3105227
3616012
4916894
4756710
4591331
3160837
4330937
4094554
4416788
3881041
2785764
3185288
4038841
3757680
3900443
4050037
4244015
3865155
4055634
3396659
4539547
3817177
3516707
3124522
4931692
3335944
4774052
3848931
4480753
3631164
4260437
4705687
4411154
4328647
4667499
3944251
554775
4842982
3511360
3806656
2553261
4863375
3825507
3378125
3962006
4838787
2171611
4669760
2553762
4555127
400667
2638781
3174244
4363821
4786750
2148155
3575370
3049779
4773767
4229875
3319806
3486862
4035898
3777999
3382585
3974844
4805551
4464450
3853032
3384754
4711799
3521681
4910164
3674255
3982276
4752002
3013018
2650783
3895487
4368067
4119407
4537234
3994104
3258544
3851566
3111465
152645
3639056
4711019
3299642
3357276
2994708
2916133
3349530
2763051
4835519
3627664
3525937
2714117
3927811
5005263
4933460
4857404
4574948
3575244
3095507
4326877
4639610
4686083
4610232
3493455
4973367
4899026
4321984
4233654
4472213
3364569
4498366
2993678
1067522
2490761
4742909
4685222
4673746
3171170
4498276
4326193
3813862
4513340
3042739
4459834
3689607
2924401
3827463
3411637
3947548
3632611
4393110
4385850
4509441
4733790
4767937
4483505
3941643
4359625
3271045
4434871
4598833
3426487
3096875
3936794
4547052
4066751
4344852
4558569
4066663
4619738
4581787
4546224
2315674
4027873
3505927
3322525
4712703
4415119
3532605
3365040
4153712
4446431
3186754
2888831
4021359
4823861
4166325
4599908
4727071
3626681
2171724
4420855
3272005
3216985
3077363
4600763
4887499
3945288
2850929
4823113
4845279
3033901
4453457
4729957
3974058
4741546
4059749
4783921
4757796
4581817
2908552
3365970
4832220
4686117
5008401
4024763
3763460
3961361
4739769
4739769
4670240
3051826
3504713
3223162
4598566
3265956
4463833
4814827
4910922
3829018
4670931
3380028
3391219
4259308
3868411
4655319
4297966
4756293
4170624
2645813
3715427
4991462
4650373
4784296
4362455
4640092
13917
3287199
3706516
4700480
3302234
4820703
4775225
4356292
4649523
4310737
4623961
3597735
4632290
4018296
3359283
3019150
4507259
4820703
4476014
4938201
3734824
4481296
4075037
4550104
3839891
3573027
3760612
3575850
3909103
3839911
4309598
4819173
4836676
4657167
1935018
2902752
4043770
3191508
4180749
3510013
3900716
2874542
4861344
4186529
4943277
5007679
4962093
4667618
3733161
1131927
3873252
3585870
3822847
3380295
4623150
4598844
3976295
3849990
3698794
4342347
3566071
4809659
2999539
4264179
4873529
4897763
4904208
5008322
4976218
4963907
3816220
3135487
3945815
4783030
4215603
4700080
2879562
4315491
4425962
3189908
3942480
4436893
3542591
4649504
4558128
4282692
3965476
3001897
3151299
4058033
3266253
3631284
4066782
4651797
4356410
4850030
5002903
3804274
2747269
4951772
3784080
4415338
3519869
2895430
3783180
4895030
4303671
3995095
552969
4591282
4106986
3796690
4268095
4756815
3784760
4735631
3055894
4403680
3771309
3822797
3566028
4210896
4676093
3663556
4833305
4871414
4859507
3871542
4807949
4838168
4623715
3900395
3526580
4775223
4502935
3744467
4568559
4003245
3973678
4445909
4380134
4865476
2784946
3483146
4624986
4769820
4786200
5009663
4859522
3780547
3675098
3530541
4558170
4237256
2615026
3688836
4530624
4519864
3695839
3368064
3835479
4732826
3694449
4210192
4790646
4380234
3101955
4263015
2952812
4426950
4500926
2149359
4511870
2193207
4851366
3143278
3552176
3971452
4824080
2806826
4010359
3378893
4646919
3221692
3814616
3904915
4933037
4440517
4884979
4188600
4468815
3720625
4131214
4510650
3651256
3677623
4342823
4188521
3212581
3737541
4826611
4551318
2662814
4162140
4482643
3348897
4928061
4522077
2659326
2877092
4532469
4454173
4244627
4633168
3478535
4230582
2699777
4301905
4881532
3603251
4894954
3738137
3466234
4676609
4940092
3398752
3846833
4742118
1636664
4404136
3950718
4990753
3652830
4320311
3996668
3996668
4380122
4937322
4229205
3365970
3319646
4868541
4846514
3879820
4773893
4742834
3330266
2945023
4727290
4336283
3742497
3271037
3656837
4710866
4510299
2360353
3198089
4802467
4730212
4192620
4537234
3800603
4169584
3633863
4153698
4700473
4081806
4839694
4521853
3053352
3411787
4380123
4648331
3050809
3384622
4115017
3782470
4718815
4872735
4773605
3582636
4818029
3056803
3681647
4353724
4650556
4116300
4924714
3966261
4387751
4156783
3814616
3781480
2612995
4077733
3251593
4270243
3313996
4340921
4740996
2787307
3817177
4133155
3913643
2768440
4501087
3806657
3145659
3334972
4546460
3587420
4480908
4688046
4376883
4860857
4727404
3022818
2867938
3426548
2652491
3961347
3136522
3575585
3008692
4008663
4194090
4754416
4584467
4128856
4742081
3358244
3115977
3688771
3956720
4280949
4899007
4070648
4585836
4701481
4794652
4883780
4132024
4469373
3511347
2763847
3766450
3465268
4686101
4987530
4942676
4456149
3384754
3291639
4694964
4303590
1141268
3946688
3687337
4278581
2680824
2810323
1702488
4046834
4436568
4265287
4503745
4022470
4039656
2841205
4613535
4008503
4486450
4552826
4260775
4338300
3665679
3053352
4425982
4676510
3239205
4103765
4403310
4445299
4112974
3861617
3875771
4962465
4389251
3953816
4760374
4137453
3649763
4318623
2831460
4830256
4039622
4666032
3084749
3895671
4557334
4136804
3049216
3510844
3573122
3541999
4001836
4414596
4636315
3488571
3911923
3653351
1481595
4669757
3589482
4657170
3356305
4521150
3431931
4293108
4524618
4074292
3445554
3729647
3012671
4697139
3585356
3102111
3914524
4967829
3819391
4644319
4425572
4671321
4159348
4653763
4990999
4741707
2745805
3574152
4454568
4941040
4042639
3511347
4836006
3561292
3493498
3549988
2375059
4545789
5002214
3597499
4652753
4310934
4485789
3544824
3823021
3328392
3367175
4341019
2413190
4603929
4759820
4409530
4800105
3466278
4516510
2802353
2802353
3974058
4564885
2397535
4387661
2828646
4161876
3429488
4782222
4231084
3974765
4772955
4214751
4524707
3435304
4826190
4196986
3276580
4033771
4284123
4022734
4648430
4895768
4947155
4704545
2892485
2671481
4749552
4400590
3728367
4094511
3528762
4502706
3668627
2955716
4891035
4899027
4938166
4990912
3431852
3384411
3282064
4230757
4974055
3936852
3181057
4924758
3247195
4429113
3636998
2651180
4771097
4670935
4335040
3688771
4427743
4754993
4511458
3525804
3583720
4466258
3708436
3718336
3436854
3813455
3283653
4929728
3511424
4791021
4802056
4074974
4379048
3050809
3391299
4354233
2527015
3423359
4384098
3373505
3640080
4649895
3844447
4454598
4755750
4557061
4160936
4848777
3782751
4972901
2794162
4640152
4161364
3783433
3832248
4260797
4288926
4552644
4826180
2376343
4963907
1853120
4201086
2783265
3615158
4356562
4029951
4941180
3320554
3622153
4384308
4304784
2776020
4701481
4764704
3744468
4643066
4724812
3759676
2756316
4622579
4526091
4233966
4488577
2660310
4918563
4657170
4683652
3982999
4033348
3717962
4599498
3219204
4855537
4714835
4556687
2683830
4924695
5006076
3552540
4557334
4194285
4665970
3704647
4796911
4511870
3936225
3668180
4743993
4730212
3688994
4673164
4638007
4872732
2724284
4426939
4927879
4421784
3639976
4820827
3750464
3402503
4435615
4660207
4196723
4359269
4404054
4673693
3124549
3184947
4741864
2739516
3946341
3607995
3708934
2972219
3622022
3858279
4441450
4823945
4597453
2817461
3357558
4890593
3064803
4705515
2045673
4666613
4445567
3248457
4176121
4792565
3667171
4525381
4459570
4387959
4966711
4409761
4816172
4357437
3371019
3276087
4914298
1087898
4820925
2730749
4853961
3236187
3906830
4322648
3747076
4994859
4090037
4147220
3741204
3324359
4624598
3954894
3355027
5006368
3789891
3154502
4811775
3651093
3507171
3341596
4840862
3105105
4720127
4389243
4609057
3848655
3319518
3975903
3544892
3145975
4277655
3602195
3742830
3544727
4697796
4558401
4742136
4063716
4494956
3527334
3633891
4364596
3131252
4355365
3329438
2820093
3773398
4341004
3615610
3878682
3037682
2890584
4599279
3239205
3956987
4218658
3160293
3219718
4504068
3526350
3167062
4442811
3407172
3463558
3314903
3226485
2733150
3405213
3165108
4999312
4424039
4055944
2750749
3350548
4663266
3919158
4346365
3210802
4636321
4741606
3071826
4459834
4848833
3384409
2330158
4794165
2193391
4352847
3372537
3334889
4750042
4894449
4355072
4023608
4356240
3877035
4746808
4786868
3290747
2375198
3788130
2148190
2994895
5004159
4824593
4339042
4806599
4549040
3704985
3779194
2883879
2888221
4117636
3563686
2958915
2241608
3821890
3944245
4658161
3114089
3075211
2195911
4924376
4967940
3915119
3923636
2930059
3962334
3743743
2696599
4429234
4927273
3225385
4300227
3616127
3057966
3945943
3584584
2582166
4318056
4444278
4748576
4728386
3995911
4673206
2845556
3890350
4539660
3510383
4632119
4467102
4618854
4918529
3737549
2898751
3069018
2882321
3728318
4786577
4103839
3915667
4735695
3829021
3496669
4369722
4408980
4831887
3526599
4542310
4720127
4553131
4254098
2532718
3532434
4393225
3541044
4519890
4686892
4945584
4777421
4493467
1410771
3037976
3861084
2877108
4442007
4187550
4750748
4896021
4501367
3273475
4870812
4673882
3004846
1159117
3357601
3676639
3419267
3412653
2952856
3621411
4533781
3833215
4889862
4351306
4632317
3103298
3552964
4492744
3494428
3480432
4404069
3869942
4737885
3847337
3492272
4160241
3909047
3523086
3358329
4240597
4811533
4728432
4019488
4746808
3950879
4394946
4529304
4007575
4526233
4649017
3109420
3364991
4620645
4858182
3722158
4837472
3496480
1796876
3434180
3177020
4251904
4174157
3791395
535545
4088094
4947669
4619391
4760400
3457993
4210616
3283725
3436885
4964503
2981734
2688950
4139380
4339125
4474778
3492236
3390387
4650556
4860838
3787157
3019111
4741621
4464648
3103586
4956712
4495152
3742460
126231
2963544
3660111
3852023
4391606
3753454
4436888
3637393
4598833
3087327
3633853
4826411
4741485
2731224
2958845
4081092
4483252
3825654
3466278
4181850
3480637
3275615
2820661
4387661
3986084
4739712
4163160
4074009
2995064
3351177
2748685
4590675
4876461
3862182
4199704
3847308
4395490
4696832
4429822
4058039
3472056
4094388
3899370
2944160
3680921
3969302
3266931
4786677
4673190
4651788
4388007
4274008
3597674
4733038
4823986
4814264
4807160
4519790
3563986
4064453
1553456
4579788
4675091
3334623
4821876
2958823
3064086
3973334
4670963
2893813
4259446
4126728
3182249
1784105
3219729
4848684
4671098
2771914
4886823
2465797
3200334
4008431
4256660
3072401
3020928
3105058
3391299
3653892
3726711
4374846
3569862
4199199
4881025
4899694
4891030
4946387
3711455
3380295
2719617
4869170
5008017
3385011
4618055
4385839
3711002
4749807
3896791
4033424
4598844
3362261
4117460
4009328
4747340
4460304
3559343
3492491
4262490
4502912
3283893
3841097
3492491
4431490
3503326
4297413
3812963
3831923
4557134
4768169
3597533
3653893
4867620
4072627
3493269
2518489
4869778
4981892
4842313
4918563
3538378
3704647
